[102,int,2]
[700,main,2]
[201,(,2]
[202,),2]
[301,{,4]
[102,int,5]
[700,i,5]
[304,,,5]
[700,N,5]
[304,,,5]
[700,sum,5]
[219,=,5]
[400,0,5]
[304,,,5]
[700,choice,5]
[219,=,5]
[400,0,5]
[303,;,5]
[700,N,6]
[219,=,6]
[700,read,6]
[201,(,6]
[202,),6]
[303,;,6]
[700,choice,7]
[219,=,7]
[700,read,7]
[201,(,7]
[202,),7]
[303,;,7]
[111,if,8]
[201,(,8]
[700,choice,8]
[215,==,8]
[400,1,8]
[202,),8]
[301,{,8]
[113,for,9]
[201,(,9]
[700,i,9]
[219,=,9]
[400,1,9]
[303,;,9]
[700,i,9]
[212,<=,9]
[700,N,9]
[303,;,9]
[700,i,9]
[219,=,9]
[700,i,9]
[209,+,9]
[400,1,9]
[202,),9]
[301,{,10]
[111,if,11]
[201,(,11]
[700,i,11]
[208,%,11]
[400,2,11]
[215,==,11]
[400,1,11]
[202,),11]
[301,{,11]
[700,sum,12]
[219,=,12]
[700,sum,12]
[209,+,12]
[700,i,12]
[303,;,12]
[302,},12]
[302,},13]
[302,},14]
[112,else,15]
[301,{,15]
[111,if,15]
[201,(,15]
[700,choice,15]
[215,==,15]
[400,2,15]
[202,),15]
[301,{,15]
[700,i,16]
[219,=,16]
[400,0,16]
[303,;,16]
[110,while,17]
[201,(,17]
[700,i,17]
[211,<,17]
[700,N,17]
[202,),17]
[301,{,17]
[700,sum,18]
[219,=,18]
[700,sum,18]
[209,+,18]
[700,i,18]
[303,;,18]
[700,i,19]
[219,=,19]
[700,i,19]
[209,+,19]
[400,2,19]
[303,;,19]
[302,},20]
[302,},21]
[302,},22]
[700,write,23]
[201,(,23]
[700,sum,23]
[202,),23]
[303,;,23]
[302,},24]
