[102,int,4]
[700,main,4]
[201,(,4]
[202,),4]
[301,{,4]
[102,int,6]
[700,result,6]
[303,;,6]
[102,int,7]
[700,a,7]
[219,=,7]
[400,1,7]
[303,;,7]
[102,int,8]
[700,N,8]
[219,=,8]
[700,read,8]
[201,(,8]
[202,),8]
[303,;,8]
[102,int,9]
[700,M,9]
[219,=,9]
[700,read,9]
[201,(,9]
[202,),9]
[303,;,9]
[111,if,11]
[201,(,11]
[700,M,11]
[214,>=,11]
[700,N,11]
[202,),11]
[301,{,11]
[700,result,11]
[219,=,11]
[700,M,11]
[303,;,11]
[302,},11]
[112,else,12]
[301,{,12]
[700,result,12]
[219,=,12]
[700,N,12]
[303,;,12]
[302,},12]
[700,a,13]
[219,=,13]
[700,result,13]
[209,+,13]
[400,100,13]
[303,;,13]
[700,write,14]
[201,(,14]
[700,a,14]
[202,),14]
[303,;,14]
[302,},16]
